
************
-sigma           = 6
-PSNR_basic      = 45.7992
-RMSE_basic      = 1.30792
-PSNR            = 46.436
-RMSE            = 1.21546

